0
1
2
3
4
5
6
7
8
12
13
14
15
16
17
24
25
26
28
29
30
31
32
33
34
35
36
37
38
39
40
41
42
43
44
45
46
47
48
49
50
51
52
53
55
56
58
59
60
61
62
63
64
65
66
67
68
69
70
71
72
73
74
75
76
77
78
79
80
82
83
85
86
88
89
90
91
92
93
94
95
96
97
98
99
100
101
102
103
104
105
106
107
110
112
113
115
116
117
118
119
120
121
122
123
124
125
126
127
128
129
130
131
132
133
134
137
140
142
143
144
145
146
147
148
149
150
151
152
153
154
155
156
157
158
159
160
161
164
167
170
171
172
173
174
175
176
177
178
179
180
181
182
183
184
185
186
187
188
194
197
198
199
200
201
202
203
204
205
206
207
208
209
210
211
212
213
214
215
224
225
226
227
228
229
230
231
232
233
234
235
236
237
238
239
240
241
242
252
253
254
255
256
257
258
259
260
261
262
263
264
265
266
267
268
269
280
281
282
283
284
285
286
287
288
289
290
291
292
293
294
295
296
307
308
310
311
312
313
314
315
316
317
318
319
320
321
322
323
334
335
337
338
340
341
342
343
344
345
346
347
348
349
350
362
364
365
367
368
369
370
371
372
373
374
375
376
377
389
392
394
395
396
397
398
399
400
401
402
403
404
416
419
422
423
424
425
426
427
428
429
430
431
446
449
450
451
452
453
454
455
456
457
458
476
477
478
479
480
481
482
483
484
485
504
505
506
507
508
509
510
511
512
532
533
534
535
536
537
538
539
559
560
562
563
564
565
566
586
587
589
590
592
593
614
616
617
619
620
641
644
646
647
668
671
674
698
701
728
757
758
759
760
761
762
763
764
768
769
770
771
772
773
780
781
782
784
785
786
787
788
789
790
791
792
793
794
795
796
797
798
799
800
801
802
803
804
805
806
807
808
809
811
812
813
814
815
816
817
818
819
820
821
822
823
824
825
826
827
828
829
830
831
832
833
834
835
836
838
839
840
841
842
843
844
845
846
847
848
849
850
851
852
853
854
855
856
857
858
859
860
861
862
863
865
866
867
868
869
870
871
872
873
874
875
876
877
878
879
880
881
882
883
884
885
886
887
888
889
890
892
893
894
895
896
897
898
899
900
901
902
903
904
905
906
907
908
909
910
911
912
913
914
915
916
917
919
920
921
922
923
924
925
926
927
928
929
930
931
932
933
934
935
936
937
938
939
940
941
942
943
944
946
947
948
949
950
951
952
953
954
955
956
957
958
959
960
961
962
963
964
965
966
967
968
969
970
971
973
974
975
976
977
978
979
980
982
983
984
985
986
987
988
989
990
991
992
993
994
995
996
997
998
1000
1001
1002
1003
1004
1005
1006
1007
1008
1009
1010
1011
1012
1013
1014
1015
1016
1017
1018
1019
1020
1021
1022
1023
1024
1025
1027
1028
1029
1030
1031
1032
1033
1034
1035
1036
1037
1038
1039
1040
1041
1042
1043
1044
1045
1046
1047
1048
1049
1050
1051
1052
1054
1055
1056
1057
1058
1059
1060
1061
1063
1064
1065
1066
1067
1068
1069
1070
1071
1072
1073
1074
1075
1076
1077
1078
1079
1081
1082
1083
1084
1085
1086
1087
1088
1089
1090
1091
1092
1093
1094
1095
1096
1097
1098
1099
1100
1101
1102
1103
1104
1105
1106
1108
1109
1110
1111
1112
1113
1114
1115
1116
1117
1118
1119
1120
1121
1122
1123
1124
1125
1126
1127
1128
1129
1130
1131
1132
1133
1135
1136
1137
1138
1139
1140
1141
1142
1144
1145
1146
1147
1148
1149
1150
1151
1152
1153
1154
1155
1156
1157
1158
1159
1160
1162
1163
1164
1165
1166
1167
1168
1169
1170
1171
1172
1173
1174
1175
1176
1177
1178
1179
1180
1181
1182
1183
1184
1185
1186
1187
1189
1190
1191
1192
1193
1194
1195
1196
1197
1198
1199
1200
1201
1202
1203
1204
1205
1206
1207
1208
1209
1210
1211
1212
1213
1214
1216
1217
1218
1219
1220
1221
1222
1223
1225
1226
1227
1228
1229
1230
1231
1232
1233
1234
1235
1236
1237
1238
1239
1240
1241
1243
1244
1245
1246
1247
1248
1249
1250
1252
1253
1254
1255
1256
1257
1258
1259
1260
1261
1262
1263
1264
1265
1266
1267
1268
1270
1271
1272
1273
1274
1275
1276
1277
1278
1279
1280
1281
1282
1283
1284
1285
1286
1287
1288
1289
1290
1291
1292
1293
1294
1295
1297
1298
1299
1300
1301
1302
1303
1304
1306
1307
1308
1309
1310
1311
1312
1313
1314
1315
1316
1317
1318
1319
1320
1321
1322
1324
1325
1326
1327
1328
1329
1330
1331
1333
1334
1335
1336
1337
1338
1339
1340
1341
1342
1343
1344
1345
1346
1347
1348
1349
1351
1352
1353
1354
1355
1356
1357
1358
1359
1360
1361
1362
1363
1364
1365
1366
1367
1368
1369
1370
1371
1372
1373
1374
1375
1376
1378
1379
1380
1381
1382
1383
1384
1385
1387
1388
1389
1390
1391
1392
1393
1394
1395
1396
1397
1398
1399
1400
1401
1402
1403
1405
1406
1407
1408
1409
1410
1411
1412
1414
1415
1416
1417
1418
1419
1420
1421
1422
1423
1424
1425
1426
1427
1428
1429
1430
1432
1433
1434
1435
1436
1437
1438
1439
1440
1441
1442
1443
1444
1445
1446
1447
1448
1449
1450
1451
1452
1453
1454
1455
1456
1457
1513
1514
1515
1516
1517
1518
1519
1520
1524
1525
1526
1527
1528
1529
1536
1537
1538
1540
1541
1542
1543
1544
1545
1546
1547
1549
1550
1551
1552
1553
1554
1555
1556
1557
1558
1559
1560
1561
1562
1563
1564
1565
1567
1568
1569
1570
1571
1572
1573
1574
1576
1577
1578
1579
1580
1581
1582
1583
1584
1585
1586
1587
1588
1589
1590
1591
1592
1594
1595
1596
1597
1598
1599
1600
1601
1603
1604
1605
1606
1607
1608
1609
1610
1611
1612
1613
1614
1615
1616
1617
1618
1619
1621
1622
1623
1624
1625
1626
1627
1628
1630
1631
1632
1633
1634
1635
1636
1637
1638
1639
1640
1641
1642
1643
1644
1645
1646
1648
1649
1650
1651
1652
1653
1654
1655
1657
1658
1659
1660
1661
1662
1663
1664
1665
1666
1667
1668
1669
1670
1671
1672
1673
1675
1676
1677
1678
1679
1680
1681
1682
1684
1685
1686
1687
1688
1689
1690
1691
1692
1693
1694
1695
1696
1697
1698
1699
1700
1702
1703
1704
1705
1706
1707
1708
1709
1711
1712
1713
1714
1715
1716
1717
1718
1720
1721
1722
1723
1724
1725
1726
1727
1729
1730
1731
1732
1733
1734
1735
1736
1738
1739
1740
1741
1742
1743
1744
1745
1746
1747
1748
1749
1750
1751
1752
1753
1754
1756
1757
1758
1759
1760
1761
1762
1763
1765
1766
1767
1768
1769
1770
1771
1772
1773
1774
1775
1776
1777
1778
1779
1780
1781
1783
1784
1785
1786
1787
1788
1789
1790
1792
1793
1794
1795
1796
1797
1798
1799
1801
1802
1803
1804
1805
1806
1807
1808
1810
1811
1812
1813
1814
1815
1816
1817
1819
1820
1821
1822
1823
1824
1825
1826
1827
1828
1829
1830
1831
1832
1833
1834
1835
1837
1838
1839
1840
1841
1842
1843
1844
1846
1847
1848
1849
1850
1851
1852
1853
1854
1855
1856
1857
1858
1859
1860
1861
1862
1864
1865
1866
1867
1868
1869
1870
1871
1873
1874
1875
1876
1877
1878
1879
1880
1882
1883
1884
1885
1886
1887
1888
1889
1891
1892
1893
1894
1895
1896
1897
1898
1900
1901
1902
1903
1904
1905
1906
1907
1908
1909
1910
1911
1912
1913
1914
1915
1916
1918
1919
1920
1921
1922
1923
1924
1925
1927
1928
1929
1930
1931
1932
1933
1934
1935
1936
1937
1938
1939
1940
1941
1942
1943
1945
1946
1947
1948
1949
1950
1951
1952
1954
1955
1956
1957
1958
1959
1960
1961
1963
1964
1965
1966
1967
1968
1969
1970
1972
1973
1974
1975
1976
1977
1978
1979
1981
1982
1983
1984
1985
1986
1987
1988
1990
1991
1992
1993
1994
1995
1996
1997
1999
2000
2001
2002
2003
2004
2005
2006
2008
2009
2010
2011
2012
2013
2014
2015
2016
2017
2018
2019
2020
2021
2022
2023
2024
2026
2027
2028
2029
2030
2031
2032
2033
2035
2036
2037
2038
2039
2040
2041
2042
2044
2045
2046
2047
2048
2049
2050
2051
2053
2054
2055
2056
2057
2058
2059
2060
2062
2063
2064
2065
2066
2067
2068
2069
2071
2072
2073
2074
2075
2076
2077
2078
2080
2081
2082
2083
2084
2085
2086
2087
2089
2090
2091
2092
2093
2094
2095
2096
2097
2098
2099
2100
2101
2102
2103
2104
2105
2107
2108
2109
2110
2111
2112
2113
2114
2116
2117
2118
2119
2120
2121
2122
2123
2125
2126
2127
2128
2129
2130
2131
2132
2134
2135
2136
2137
2138
2139
2140
2141
2143
2144
2145
2146
2147
2148
2149
2150
2152
2153
2154
2155
2156
2157
2158
2159
2161
2162
2163
2164
2165
2166
2167
2168
2170
2171
2172
2173
2174
2175
2176
2177
2178
2179
2180
2181
2182
2183
2184
2185
2186
2998
2999
3001
3002
3004
3005
3007
3008
3009
3010
3011
3012
3013
3014
3016
3017
3018
3019
3020
3021
3022
3023
3026
3028
3029
3031
3032
3034
3035
3036
3037
3038
3039
3040
3041
3043
3044
3045
3046
3047
3048
3049
3050
3053
3056
3058
3059
3061
3062
3063
3064
3065
3066
3067
3068
3070
3071
3072
3073
3074
3075
3076
3077
3080
3083
3086
3088
3089
3090
3091
3092
3093
3094
3095
3097
3098
3099
3100
3101
3102
3103
3104
3110
3113
3115
3116
3117
3118
3119
3120
3121
3122
3124
3125
3126
3127
3128
3129
3130
3131
3140
3142
3143
3144
3145
3146
3147
3148
3149
3151
3152
3153
3154
3155
3156
3157
3158
3198
3199
3200
3201
3202
3203
3210
3211
3212
3223
3224
3226
3227
3228
3229
3230
3232
3233
3234
3235
3236
3237
3238
3239
3250
3251
3253
3254
3256
3257
3259
3260
3261
3262
3263
3264
3265
3266
3278
3280
3281
3283
3284
3286
3287
3288
3289
3290
3291
3292
3293
3305
3308
3310
3311
3313
3314
3315
3316
3317
3318
3319
3320
3332
3335
3338
3340
3341
3342
3343
3344
3345
3346
3347
3362
3365
3367
3368
3369
3370
3371
3372
3373
3374
3392
3394
3395
3396
3397
3398
3399
3400
3401
3421
3422
3423
3424
3425
3426
3427
3428
3448
3449
3450
3451
3452
3453
3454
3455
3475
3476
3478
3479
3480
3481
3482
3502
3503
3505
3506
3508
3509
3530
3532
3533
3535
3536
3557
3560
3562
3563
3584
3587
3590
3614
3617
3644
3727
3728
3730
3731
3732
3733
3734
3736
3737
3739
3740
3741
3742
3743
3745
3746
3747
3748
3749
3750
3751
3752
3754
3755
3757
3758
3759
3760
3761
3763
3764
3766
3767
3768
3769
3770
3772
3773
3774
3775
3776
3777
3778
3779
3781
3782
3784
3785
3786
3787
3788
3790
3791
3793
3794
3795
3796
3797
3799
3800
3801
3802
3803
3804
3805
3806
3808
3809
3811
3812
3813
3814
3815
3817
3818
3820
3821
3822
3823
3824
3826
3827
3828
3829
3830
3831
3832
3833
3835
3836
3838
3839
3840
3841
3842
3844
3845
3847
3848
3849
3850
3851
3853
3854
3855
3856
3857
3858
3859
3860
3862
3863
3865
3866
3867
3868
3869
3871
3872
3874
3875
3876
3877
3878
3880
3881
3882
3883
3884
3885
3886
3887
3943
3944
3946
3947
3948
3949
3950
3955
3956
3957
3958
3959
3966
3967
3968
3970
3971
3973
3974
3975
3976
3977
3979
3980
3982
3983
3984
3985
3986
3988
3989
3991
3992
3993
3994
3995
3997
3998
4000
4001
4002
4003
4004
4006
4007
4009
4010
4011
4012
4013
4015
4016
4017
4018
4019
4020
4021
4022
4024
4025
4027
4028
4029
4030
4031
4033
4034
4036
4037
4038
4039
4040
4042
4043
4044
4045
4046
4047
4048
4049
4051
4052
4054
4055
4056
4057
4058
4060
4061
4063
4064
4065
4066
4067
4069
4070
4072
4073
4074
4075
4076
4078
4079
4081
4082
4083
4084
4085
4087
4088
4090
4091
4092
4093
4094
4096
4097
4098
4099
4100
4101
4102
4103
4105
4106
4108
4109
4110
4111
4112
4114
4115
4117
4118
4119
4120
4121
4123
4124
4125
4126
4127
4128
4129
4130
4132
4133
4135
4136
4137
4138
4139
4141
4142
4144
4145
4146
4147
4148
4150
4151
4153
4154
4155
4156
4157
4159
4160
4162
4163
4164
4165
4166
4168
4169
4171
4172
4173
4174
4175
4177
4178
4180
4181
4182
4183
4184
4186
4187
4189
4190
4191
4192
4193
4195
4196
4198
4199
4200
4201
4202
4204
4205
4206
4207
4208
4209
4210
4211
4213
4214
4216
4217
4218
4219
4220
4222
4223
4225
4226
4227
4228
4229
4231
4232
4234
4235
4236
4237
4238
4240
4241
4243
4244
4245
4246
4247
4249
4250
4252
4253
4254
4255
4256
4258
4259
4261
4262
4263
4264
4265
4267
4268
4270
4271
4272
4273
4274
4276
4277
4279
4280
4281
4282
4283
4285
4286
4287
4288
4289
4290
4291
4292
4294
4295
4297
4298
4299
4300
4301
4303
4304
4306
4307
4308
4309
4310
4312
4313
4315
4316
4317
4318
4319
4321
4322
4324
4325
4326
4327
4328
4330
4331
4333
4334
4335
4336
4337
4339
4340
4342
4343
4344
4345
4346
4348
4349
4351
4352
4353
4354
4355
4357
4358
4360
4361
4362
4363
4364
4366
4367
4368
4369
4370
4371
4372
4373
5914
5915
5917
5918
5920
5921
5923
5924
5926
5927
5929
5930
5932
5933
5935
5936
5937
5938
5939
5942
5944
5945
5947
5948
5950
5951
5953
5954
5956
5957
5959
5960
5962
5963
5964
5965
5966
5969
5972
5974
5975
5977
5978
5980
5981
5983
5984
5986
5987
5989
5990
5991
5992
5993
5996
5999
6002
6004
6005
6007
6008
6010
6011
6013
6014
6016
6017
6018
6019
6020
6026
6029
6031
6032
6034
6035
6037
6038
6040
6041
6043
6044
6045
6046
6047
6056
6058
6059
6061
6062
6064
6065
6067
6068
6070
6071
6072
6073
6074
6166
6167
6169
6170
6172
6173
6175
6176
6178
6179
6181
6182
6194
6196
6197
6199
6200
6202
6203
6205
6206
6207
6208
6209
6221
6224
6226
6227
6229
6230
6232
6233
6234
6235
6236
6248
6251
6254
6256
6257
6259
6260
6262
6263
6278
6281
6283
6284
6286
6287
6288
6289
6290
6308
6310
6311
6313
6314
6315
6316
6317
6396
6397
6398
6418
6419
6421
6422
6424
6425
6446
6448
6449
6451
6452
6473
6476
6478
6479
6500
6503
6506
6530
6533
6560
6643
6644
6646
6647
6649
6650
6655
6656
6658
6659
6667
6668
6671
6673
6674
6676
6677
6679
6680
6682
6683
6685
6686
6688
6689
6691
6692
6694
6695
6698
6701
6703
6704
6706
6707
6709
6710
6712
6713
6715
6716
6718
6719
6721
6722
6725
6728
6731
6733
6734
6736
6737
6739
6740
6742
6743
6745
6746
6748
6749
6755
6758
6760
6761
6763
6764
6766
6767
6769
6770
6772
6773
6775
6776
6785
6787
6788
6790
6791
6793
6794
6796
6797
6799
6800
6802
6803
6895
6896
6898
6899
6901
6902
6904
6905
6907
6908
6910
6911
6923
6925
6926
6928
6929
6931
6932
6934
6935
6937
6938
6950
6953
6955
6956
6958
6959
6961
6962
6964
6965
6977
6980
6983
6985
6986
6988
6989
6991
6992
7007
7010
7012
7013
7015
7016
7018
7019
7037
7039
7040
7042
7043
7045
7046
7147
7148
7150
7151
7153
7154
7175
7177
7178
7180
7181
7202
7205
7207
7208
7229
7232
7235
7259
7262
7289
7400
7402
7403
7405
7406
7411
7412
7414
7415
7423
7424
7427
7429
7430
7432
7433
7435
7436
7438
7439
7441
7442
7444
7445
7447
7448
7450
7451
7454
7456
7457
7459
7460
7462
7463
7465
7466
7468
7469
7471
7472
7474
7475
7477
7478
7481
7483
7484
7486
7487
7489
7490
7492
7493
7495
7496
7498
7499
7501
7502
7504
7505
7508
7510
7511
7513
7514
7516
7517
7519
7520
7522
7523
7525
7526
7528
7529
7531
7532
7616
7618
7619
7621
7622
7625
7627
7628
7630
7631
7633
7634
7636
7637
7639
7640
7643
7645
7646
7648
7649
7651
7652
7654
7655
7657
7658
7660
7661
7663
7664
7666
7667
7670
7672
7673
7675
7676
7678
7679
7681
7682
7684
7685
7687
7688
7690
7691
7693
7694
7697
7699
7700
7702
7703
7706
7708
7709
7711
7712
7714
7715
7717
7718
7720
7721
7724
7726
7727
7729
7730
7732
7733
7735
7736
7738
7739
7741
7742
7744
7745
7747
7748
7751
7753
7754
7756
7757
7759
7760
7762
7763
7765
7766
7768
7769
7771
7772
7774
7775
7859
7861
7862
7864
7865
7868
7870
7871
7873
7874
7876
7877
7879
7880
7882
7883
7886
7888
7889
7891
7892
7895
7897
7898
7900
7901
7903
7904
7906
7907
7909
7910
7913
7915
7916
7918
7919
7921
7922
7924
7925
7927
7928
7930
7931
7933
7934
7936
7937
7940
7942
7943
7945
7946
7949
7951
7952
7954
7955
7957
7958
7960
7961
7963
7964
7967
7969
7970
7972
7973
7976
7978
7979
7981
7982
7984
7985
7987
7988
7990
7991
7994
7996
7997
7999
8000
8002
8003
8005
8006
8008
8009
8011
8012
8014
8015
8017
8018
8156
8158
8159
8161
8162
8167
8168
8170
8171
8179
8180
8183
8185
8186
8188
8189
8192
8194
8195
8197
8198
8200
8201
8203
8204
8206
8207
8210
8212
8213
8215
8216
8219
8221
8222
8224
8225
8227
8228
8230
8231
8233
8234
8237
8239
8240
8242
8243
8246
8248
8249
8251
8252
8254
8255
8257
8258
8260
8261
8345
8347
8348
8350
8351
8354
8356
8357
8359
8360
8363
8365
8366
8368
8369
8372
8374
8375
8377
8378
8381
8383
8384
8386
8387
8389
8390
8392
8393
8395
8396
8399
8401
8402
8404
8405
8408
8410
8411
8413
8414
8416
8417
8419
8420
8422
8423
8426
8428
8429
8431
8432
8435
8437
8438
8440
8441
8444
8446
8447
8449
8450
8453
8455
8456
8458
8459
8462
8464
8465
8467
8468
8470
8471
8473
8474
8476
8477
8480
8482
8483
8485
8486
8489
8491
8492
8494
8495
8497
8498
8500
8501
8503
8504
8588
8590
8591
8593
8594
8597
8599
8600
8602
8603
8606
8608
8609
8611
8612
8615
8617
8618
8620
8621
8624
8626
8627
8629
8630
8633
8635
8636
8638
8639
8642
8644
8645
8647
8648
8651
8653
8654
8656
8657
8659
8660
8662
8663
8665
8666
8669
8671
8672
8674
8675
8678
8680
8681
8683
8684
8687
8689
8690
8692
8693
8696
8698
8699
8701
8702
8705
8707
8708
8710
8711
8714
8716
8717
8719
8720
8723
8725
8726
8728
8729
8732
8734
8735
8737
8738
8740
8741
8743
8744
8746
8747
9641
9644
9647
9650
9652
9653
9655
9656
9659
9661
9662
9664
9665
9671
9674
9677
9679
9680
9682
9683
9686
9688
9689
9691
9692
9701
9704
9706
9707
9709
9710
9713
9715
9716
9718
9719
9841
9842
9844
9845
9853
9854
9866
9869
9871
9872
9875
9877
9878
9880
9881
9893
9896
9899
9902
9904
9905
9907
9908
9923
9926
9929
9931
9932
9934
9935
9953
9956
9958
9959
9961
9962
10064
10066
10067
10069
10070
10091
10093
10094
10096
10097
10118
10121
10123
10124
10145
10148
10151
10175
10178
10205
10370
10373
10375
10376
10379
10382
10384
10385
10388
10390
10391
10393
10394
10397
10400
10402
10403
10406
10409
10411
10412
10415
10417
10418
10420
10421
10424
10427
10429
10430
10433
10436
10438
10439
10442
10444
10445
10447
10448
10586
10589
10591
10592
10598
10600
10601
10609
10610
10613
10616
10618
10619
10622
10625
10627
10628
10631
10634
10636
10637
10640
10643
10645
10646
10649
10652
10654
10655
10658
10660
10661
10663
10664
10667
10670
10672
10673
10676
10679
10681
10682
10685
10687
10688
10690
10691
10775
10778
10780
10781
10784
10787
10789
10790
10793
10796
10798
10799
10802
10805
10807
10808
10811
10814
10816
10817
10820
10823
10825
10826
10829
10832
10834
10835
10838
10841
10843
10844
10847
10849
10850
10852
10853
10856
10859
10861
10862
10865
10868
10870
10871
10874
10877
10879
10880
10883
10886
10888
10889
10892
10895
10897
10898
10901
10904
10906
10907
10910
10913
10915
10916
10919
10922
10924
10925
10928
10930
10931
10933
10934
12557
12560
12563
12566
12569
12572
12575
12578
12580
12581
12587
12590
12593
12596
12599
12602
12605
12607
12608
12617
12620
12623
12626
12629
12632
12634
12635
12809
12812
12815
12818
12821
12824
12839
12842
12845
12848
12850
12851
12869
12872
12875
12877
12878
13039
13040
13061
13064
13067
13091
13094
13121
13286
13289
13292
13298
13301
13310
13316
13319
13322
13325
13328
13331
13334
13337
13346
13349
13352
13355
13358
13361
13364
13538
13541
13544
13547
13550
13553
13568
13571
13574
13577
13580
13598
13601
13604
13607
13790
13793
13796
13820
13823
13850
14045
14048
14054
14057
14066
14072
14075
14078
14081
14084
14087
14090
14093
14261
14264
14270
14273
14276
14279
14282
14288
14291
14294
14297
14300
14303
14306
14309
14315
14318
14321
14324
14327
14330
14333
14336
14504
14507
14513
14516
14519
14522
14525
14531
14534
14540
14543
14546
14549
14552
14558
14561
14564
14567
14570
14573
14576
14579
14801
14804
14810
14813
14822
14990
14993
14999
15002
15008
15011
15017
15020
15026
15029
15032
15035
15038
15044
15047
15053
15056
15059
15062
15065
15233
15236
15242
15245
15251
15254
15260
15263
15269
15272
15278
15281
15287
15290
15296
15299
15302
15305
15308
16484
16487
16496
16514
16520
16523
16709
16712
16736
16739
16766
17234
17243
17252
17423
17432
17441
17450
17459
17468
17477
17486
17492
17495
19682
